3 令和 8 年度一般会計歳出予算所管別対前年度比較表

| | | | | | | | | | （単位 千円） |
| --- | --- | --- | --- | --- | --- | --- | --- | --- | --- |
| | | | | | 7年度予算額 | | 比 | 較 増 | △ 減 |
| 所 管 | 別 | | 8 | 年度予算額 | | | | | |
| | | | | 当 | 初 | 補正（第1号）後 | 当 | 初 補正（ | 第 号 ）後 1 |
| 皇 室 | | 費 | | 12,583,203 | 11,371,993 | 11,412,141 | 1,211,210 | | 1,171,062 |
| 国 | | 会 | | 136,495,199 | 131,538,232 | 142,229,706 | 4,956,967 | △ | 5,734,507 |
| 裁 | 判 | 所 | | 349,473,805 | 335,192,439 | 361,392,211 | 14,281,366 | △ | 11,918,406 |
| 会 計 | 検 査 | 院 | | 16,927,629 | 16,342,468 | 16,738,833 | 585,161 | | 188,796 |
| 内 | | 閣 | | 124,131,262 | 121,549,836 | 205,089,206 | 2,581,426 | △ | 80,957,944 |
| 内 | 閣 | 府 | 5,288,994,416 | 5,276,836,463 | | 8,179,905,890 | 12,157,953 | △ | 2,890,911,474 |
| デ ジ | タ ル | 庁 | | 519,802,203 | 475,249,835 | 744,105,438 | 44,552,368 | △ | 224,303,235 |
| 防 | 災 | 庁 | | 2,414,573 | ― | ― | 2,414,573 | | 2,414,573 |
| 総 | 務 | 省 | 21,270,118,420 | 19,386,124,379 | | 21,217,001,050 | 1,883,994,041 | | 53,117,370 |
| 法 | 務 | 省 | | 788,144,531 | 743,637,952 | 812,175,006 | 44,506,579 | △ | 24,030,475 |
| 外 | 務 | 省 | | 776,257,612 | 744,800,654 | 926,577,969 | 31,456,958 | △ | 150,320,357 |
| 財 | 務 | 省 | 33,611,603,647 | 30,142,573,759 | | 31,935,065,987 | 3,469,029,888 | | 1,676,537,660 |
| 文 部 | 科 学 | 省 | 5,880,875,949 | 5,509,364,688 | | 7,115,051,145 | 371,511,261 | △ | 1,234,175,196 |
| 厚 生 | 労 働 | 省 | 35,043,329,370 | 34,306,422,595 | | 36,584,259,103 | 736,906,775 | △ | 1,540,929,733 |
| 農 林 | 水 産 | 省 | 2,119,529,574 | 2,095,674,574 | | 2,967,120,143 | 23,855,000 | △ | 847,590,569 |
| 経 済 | 産 業 | 省 | | 869,445,245 | 850,598,303 | 3,056,941,803 | 18,846,942 | △ | 2,187,496,558 |
| 国 土 | 交 通 | 省 | 6,199,307,524 | 6,071,916,829 | | 9,131,251,490 | 127,390,695 | △ | 2,931,943,966 |
| 環 | 境 | 省 | | 315,469,971 | 309,593,651 | 581,335,926 | 5,876,320 | △ | 265,865,955 |
| 防 | 衛 | 省 | 8,984,342,902 | 8,669,056,598 | | 9,513,566,780 | 315,286,304 | △ | 529,223,878 |
| 合 | | 計 | 122,309,247,035 | 115,197,845,248 | | 133,501,219,827 | 7,111,401,787 | △ | 11,191,972,792 |

（注）こども家庭庁（内閣府所管）の 8 年度予算額は 4,279,508,065 千円である。
